6 12 26
26 52
131 133
134 133 129
140
13 39 48
112 120 104
12 24 52 80
39 71 92
14 56
118 115 113
118 113
106 111 109
142 145
14 22 46 76
96 98 99 
105 108 109
108 109
126 131
133 131
133 135 111 109
109 115 121
98 110
142 145 
11 16 22
25 33 52
11 33
22 36
142 148 149
44 63
16 22
109 102 111 107
13 29 48
97 112
82
18 58
20 29 46
22
109 133 135
148 149
126
145 148 149
109 120
133 135
30 56
36 55
13 71
138 139
130 139
40 52 
33 40 52
51 72
22
97 99
7 15 25 52
33 40 53
134 139
136 134 138
148 149
115 125 135
46 56
13 48
22 44
17 31
72 85
146 147
142 145 155
58 49
9 16 28
15 20 29
26 28
45 57
97 99 112
9 25 51
35 40
22 44 63
15 20 
61 70
146 151 157
29 46 56
44 63
16
148 146 154 157
148 157
7 51
9 40 72
104 105 106
104 106
107 109 111
106 111
140 141
142 155
143 146
143 151
128 130 131
111 145
109 111 109
74 80
111 107
51