1 5 8 9 10 12
2 1 11 14 15 16
15 8 1 36
98 88 12 1 5
5 6 10 12 33 65 
5 66 88 11 15
15 16 14
22 36 15 14 
2 11 15 32
1 5 8 9 10 12
2 1 11 14 15 16
15 8 1 36
98 88 12 1 5
5 6 10 12 33 65 
5 66 88 11 15
15 16 14
22 36 15 14 
2 11 15 32
1 5 8 9 10 12
2 1 11 14 15 16
15 8 1 36
98 88 12 1 5
5 6 10 12 33 65 
5 66 88 11 15
15 16 14
22 36 15 14 
2 11 15 32
1 5 8 9 10 12
2 1 11 14 15 16
15 8 1 36
98 88 12 1 5
5 6 10 12 33 65 
5 66 88 11 15
15 16 14
22 36 15 14 
2 11 15 32
1 5 8 9 10 12
2 1 11 14 15 16
15 8 1 36
98 88 12 1 5
5 6 10 12 33 65 
5 66 88 11 15
15 16 14
22 36 15 14 
2 11 15 32
1 5 8 9 10 12
2 1 11 14 15 16
15 8 1 36
98 88 12 1 5
5 6 10 12 33 65 
5 66 88 11 15
15 16 14
22 36 15 14 
2 11 15 32
1 5 8 9 10 12
2 1 11 14 15 16
15 8 1 36
98 88 12 1 5
5 6 10 12 33 65 
5 66 88 11 15
15 16 14
22 36 15 14 
2 11 15 32
1 5 8 9 10 12
2 1 11 14 15 16
15 8 1 36
98 88 12 1 5
5 6 10 12 33 65 
5 66 88 11 15
15 16 14
22 36 15 14 
2 11 15 32
1 5 8 9 10 12
2 1 11 14 15 16
15 8 1 36
98 88 12 1 5
5 6 10 12 33 65 
5 66 88 11 15
15 16 14
22 36 15 14 
2 11 15 32
1 5 8 9 10 12
2 1 11 14 15 16
15 8 1 36
98 88 12 1 5
5 6 10 12 33 65 
5 66 88 11 15
15 16 14
22 36 15 14 
2 11 15 32
1 5 8 9 10 12
2 1 11 14 15 16
15 8 1 36
98 88 12 1 5
5 6 10 12 33 65 
5 66 88 11 15
15 16 14
22 36 15 14 
2 11 15 32
1 5 8 9 10 12
2 1 11 14 15 16
15 8 1 36
98 88 12 1 5
5 6 1